4294967279,125
4294967279,124
4294967279,123
4294967279,122
4294967278,5
4294967278,4
4294967279,132
4294967279,131
4294967279,130
4294967279,129
4294967279,128
4294967279,127
4294967279,126
4294967278,191
4294967278,190
4294967278,189
4294967278,188
17,5
4294967278,187
17,7
4294967279,348
4294967294,429
4294967294,1006
4294967294,186
4294967294,187
4294967278,184
4294967294,392
4294967294,46
4294967294,115
17,0
4294967278,536
4294967278,7
4294967278,6
4294967279,347
4294967279,346
4294967279,345
4294967278,183
4294967278,535
4294967278,10
4294967278,9
4294967278,8
4294967279,344
4294967278,534
4294967278,180
4294967294,2
4294967294,390
4294967294,1020
17,8
4294967278,177
4294967279,343
4294967278,533
4294967279,342
4294967279,341
4294967278,171
4294967278,12
4294967278,11
4294967278,16
4294967278,15
4294967278,14
4294967278,13
4294967278,168
4294967278,166
4294967278,532
4294967279,340
4294967278,164
4294967278,163
4294967278,162
4294967278,20
4294967278,19
4294967278,18
4294967278,17
4294967278,531
4294967279,339
4294967278,530
4294967278,299
4294967278,529
4294967278,528
4294967278,27
4294967278,26
4294967278,25
4294967278,24
4294967278,23
4294967278,22
4294967278,21
4294967278,154
4294967278,298
4294967278,152
4294967278,151
4294967278,150
4294967278,149
4294967278,148
4294967278,147
4294967279,147
4294967278,146
4294967279,146
4294967278,145
4294967279,145
4294967278,144
4294967279,144
4294967278,143
4294967278,32
4294967278,31
4294967278,29
4294967278,28
4294967279,338
4294967279,260
4294967279,0
4294967278,527
4294967278,260
4294967278,0
4294967278,30
4294967279,142
4294967279,298
4294967278,38
4294967278,37
4294967278,36
4294967278,35
4294967278,34
4294967278,33
4294967279,35
4294967279,34
4294967279,30
4294967279,29
4294967279,28
4294967279,27
4294967279,139
4294967279,138
4294967279,137
4294967279,136
4294967279,135
4294967279,133
4294967294,17
4294967294,99
4294967294,76
4294967279,291
4294967279,275
17,6
4294967279,274
17,4
17,3
17,2
17,1
4294967279,273
0,7
4294967294,38
4294967294,37
4294967294,36
4294967294,41
4294967294,40
4294967294,39
4294967294,1
4294967294,42
4294967279,26
4294967279,25
4294967279,21
4294967279,20
4294967279,19
4294967279,18
4294967279,16
4294967279,14
4294967279,13
4294967279,12
4294967279,11
4294967294,470
4294967294,25
4294967294,0
4294967294,440
4294967294,1002
4294967279,295
4294967279,17
4294967279,288
4294967294,5
4294967294,107
4294967294,91
4294967294,90
4294967294,87
4294967294,86
4294967294,85
4294967294,84
4294967294,1180
4294967294,29
4294967294,414
4294967294,28
4294967294,26
4294967294,53
4294967294,393
4294967294,45
4294967294,44
4294967294,43
4294967294,96
4294967294,94
4294967294,9
4294967294,8
4294967294,7
4294967294,6
4294967294,22
4294967294,97
4294967294,30
4294967294,61
4294967294,75
4294967294,82
4294967294,14
4294967294,126
4294967294,18
4294967294,127
4294967294,20
4294967294,13
4294967294,50
4294967294,12
4294967294,471
4294967294,93
4294967294,95
4294967294,92
4294967294,1099
4294967294,11
4294967278,132
4294967278,131
4294967278,130
4294967278,129
4294967278,128
4294967278,127
4294967278,126
4294967278,125
4294967278,124
4294967278,123
4294967278,122
4294967278,121
4294967278,120
4294967278,119
4294967278,118
4294967278,117
4294967278,116
4294967278,115
4294967278,114
4294967278,113
4294967278,112
4294967278,111
4294967278,110
4294967278,109
4294967278,108
4294967278,107
4294967278,106
4294967278,105
4294967278,104
4294967278,103
4294967278,102
4294967278,101
4294967278,100
4294967278,99
4294967278,98
4294967278,97
4294967278,96
4294967278,95
4294967278,94
4294967278,93
4294967278,92
4294967278,91
4294967278,90
4294967278,89
4294967278,87
4294967278,86
4294967278,85
4294967278,84
4294967278,83
4294967278,82
4294967278,81
4294967278,80
4294967278,79
4294967278,78
4294967278,77
4294967278,76
4294967278,75
4294967278,74
4294967278,73
4294967278,72
4294967278,71
4294967278,70
4294967278,69
4294967278,68
4294967278,67
4294967278,66
4294967278,65
4294967278,64
4294967278,63
4294967278,62
4294967278,61
4294967278,60
4294967278,59
4294967278,58
4294967278,57
4294967278,56
4294967278,55
4294967278,54
4294967278,53
4294967278,52
4294967278,51
4294967278,50
4294967278,49
4294967278,48
4294967278,47
4294967278,46
4294967278,45
